3.1415926535 8979323846 2643383279 5028841971 6939937510 5820974944 5923078164 
  0628620899 8628034825 3421170679 8214808651 3282306647 0938446095 5058223172 
  5359408128 4811174502 8410270193 8521105559 6446229489 5493038196 4428810975 
  6659334461 2847564823 3786783165 2712019091 4564856692 3460348610 4543266482 
  1339360726 0249141273 7245870066 0631558817 4881520920 9628292540 9171536436 
  7892590360 0113305305 4882046652 1384146951 9415116094 3305727036 5759591953 
  0921861173 8193261179 3105118548 0744623799 6274956735 1885752724 8912279381 
  8301194912 9833673362 4406566430 8602139494 6395224737 1907021798 6094370277 
  0539217176 2931767523 8467481846 7669405132 0005681271 4526356082 7785771342 
  7577896091 7363717872 1468440901 2249534301 4654958537 1050792279 6892589235 
  4201995611 2129021960 8640344181 5981362977 4771309960 5187072113 4999999837 
  2978049951 0597317328 1609631859 5024459455 3469083026 4252230825 3344685035 
  2619311881 7101000313 7838752886 5875332083 8142061717 7669147303 5982534904 
  2875546873 1159562863 8823537875 9375195778 1857780532 1712268066 1300192787 
  6611195909 2164201989 3809525720 1065485863 2788659361 5338182796 8230301952 
  0353018529 6899577362 2599413891 2497217752 8347913151 5574857242 4541506959 
  5082953311 6861727855 8890750983 8175463746 4939319255 0604009277 0167113900 
  9848824012 8583616035 6370766010 4710181942 9555961989 4676783744 9448255379 
  7747268471 0404753464 6208046684 2590694912 9331367702 8989152104 7521620569 
  6602405803 8150193511 2533824300 3558764024 7496473263 9141992726 0426992279 
  6782354781 6360093417 2164121992 4586315030 2861829745 5570674983 8505494588 
  5869269956 9092721079 7509302955 3211653449 8720275596 0236480665 4991198818 
  3479775356 6369807426 5425278625 5181841757 4672890977 7727938000 8164706001 
  6145249192 1732172147 7235014144 1973568548 1613611573 5255213347 5741849468 
  4385233239 0739414333 4547762416 8625189835 6948556209 9219222184 2725502542 
  5688767179 0494601653 4668049886 2723279178 6085784383 8279679766 8145410095 
  3883786360 9506800642 2512520511 7392984896 0841284886 2694560424 1965285022 
  2106611863 0674427862 2039194945 0471237137 8696095636 4371917287 4677646575 
  7396241389 0865832645 9958133904 7802759009 9465764078 9512694683 9835259570 
  9825822620 5224894077 2671947826 8482601476 9909026401 3639443745 5305068203 
  4962524517 4939965143 1429809190 6592509372 2169646151 5709858387 4105978859 
  5977297549 8930161753 9284681382 6868386894 2774155991 8559252459 5395943104 
  9972524680 8459872736 4469584865 3836736222 6260991246 0805124388 4390451244 
  1365497627 8079771569 1435997700 1296160894 4169486855 5848406353 4220722258 
  2848864815 8456028506 0168427394 5226746767 8895252138 5225499546 6672782398 
  6456596116 3548862305 7745649803 5593634568 1743241125 1507606947 9451096596 
  0940252288 7971089314 5669136867 2287489405 6010150330 8617928680 9208747609 
  1782493858 9009714909 6759852613 6554978189 3129784821 6829989487 2265880485 
  7564014270 4775551323 7964145152 3746234364 5428584447 9526586782 1051141354 
  7357395231 1342716610 2135969536 2314429524 8493718711 0145765403 5902799344 
  0374200731 0578539062 1983874478 0847848968 3321445713 8687519435 0643021845 
  3191048481 0053706146 8067491927 8191197939 9520614196 6342875444 0643745123 
  7181921799 9839101591 9561814675 1426912397 4894090718 6494231961 5679452080 
  9514655022 5231603881 9301420937 6213785595 6638937787 0830390697 9207734672 
  2182562599 6615014215 0306803844 7734549202 6054146659 2520149744 2850732518 
  6660021324 3408819071 0486331734 6496514539 0579626856 1005508106 6587969981 
  6357473638 4052571459 1028970641 4011097120 6280439039 7595156771 5770042033 
  7869936007 2305587631 7635942187 3125147120 5329281918 2618612586 7321579198 
  4148488291 6447060957 5270695722 0917567116 7229109816 9091528017 3506712748 
  5832228718 3520935396 5725121083 5791513698 8209144421 0067510334 6711031412 
  6711136990 8658516398 3150197016 5151168517 1437657618 3515565088 4909989859 
  9823873455 2833163550 7647918535 8932261854 8963213293 3089857064 2046752590 
  7091548141 6549859461 6371802709 8199430992 4488957571 2828905923 2332609729 
  9712084433 5732654893 8239119325 9746366730 5836041428 1388303203 8249037589 
  8524374417 0291327656 1809377344 4030707469 2112019130 2033038019 7621101100 
  4492932151 6084244485 9637669838 9522868478 3123552658 2131449576 8572624334 
  4189303968 6426243410 7732269780 2807318915 4411010446 8232527162 0105265227 
  2111660396 6655730925 4711055785 3763466820 6531098965 2691862056 4769312570 
  5863566201 8558100729 3606598764 8611791045 3348850346 1136576867 5324944166 
  8039626579 7877185560 8455296541 2665408530 6143444318 5867697514 5661406800 
  7002378776 5913440171 2749470420 5622305389 9456131407 1127000407 8547332699 
  3908145466 4645880797 2708266830 6343285878 5698305235 8089330657 5740679545 
  7163775254 2021149557 6158140025 0126228594 1302164715 5097925923 0990796547 
  3761255176 5675135751 7829666454 7791745011 2996148903 0463994713 2962107340 
  4375189573 5961458901 9389713111 7904297828 5647503203 1986915140 2870808599 
  0480109412 1472213179 4764777262 2414254854 5403321571 8530614228 8137585043 
  0633217518 2979866223 7172159160 7716692547 4873898665 4949608247 0624477023 
  6202039236 2194239280 9535033884 7339109692 1742971644 5097346752 9464089908 
  1641876562 0922963220 4680137883 9354963967 3793566801 7904332694 0701840630 
  7134180411 1038974409 6953429370 4176311669 2974234291 4384865684 9855775582 
  0385320480 8967008978 8455253449 6985636802 0408882905 3650068425 3873346181 
  6793528702 0248044403 4905935444 5797684450 6874251958 7129998184 8525265035 
  8726646728 9278287998 8889122768 4633792471 5638730866 4329484767 0018161009 
  1071485424 8879028305 9167987887 5001367273 7304664328 4812414382 8237752817 
  5173973247 2219668179 6769868320 7199533617 1746180064 9605115845 7032858770 
  0300951968 3400834471 6411319210 2229622198 7877771389 5586338984 4029818026 
  2588452569 6970457451 5300041893 6516543135 6947667845 4800720577 7174017291 
  7153057004 7619362202 2783883249 9262962535 2905270638 3886875323 2798810500 
  4077716800 3145103449 8114612100 6369919452 1214834518 6271233315 2576967909 
  2097092532 3624686535 7750578991 1959244829 4035955539 7072451489 8934773014 
  5759769605 6483723780 3551677902 4973627468 5815888869 4960267679 4680670968 
  8898725025 2794836333 8576897396 2070962542 5242939376 2828529756 2166495376 
  3020800193 7163940106 8666940004 0391344284 6648565531 7851195009 4558651169 
  4805174594 6086948895 7734123344 0548324165 0038649027 1078625278 7745443249 
  8741982013 9277217189 8888074266 2327980779 7958286687 2018009411 4921959936 
  4916883241 4366978215 9622079937 7912198206 8232212404 8120070373 3360719592 
  9171842459 5229651436 9303480615 1161747435 9006255121 4679986752 7056450842 
  9647183711 9660321469 9497128749 7446483150 3081970194 4642395552 0872168150 
  7468104351 7291467619 0319120375 6109997404 3791939943 3085003265 4493785024 
  0939745405 6410827485 2520893795 2241067896 8514094541 3320643659 9120969471 
  6198970453 9276325732 2492374087 9739791253 9737753035 9681708344 3529530852 
  5872950058 5049812020 7939046143 2153103831 6774119802 3430747778 0557474782 
  4604979780 1296344045 7451252659 5577512851 5343871391 2942075538 0176445602 
  2265755834 0473068522 4084594607 6070984180 0944802657 7270206833 1068132859 
  2050250569 7871738429 5232858455 9070155131 7890170882 7283135706 8148436965 
  8629784718 8692908460 7307599455 3644700075 0818405646 8919027145 4990352798 
  4344706561 4241815417 9891047545 4650127095 8377502546 6830181524 6483284612 
  2779297930 1636794833 6736201541 3002124231 8828946458 5119407257 1132231048 
  7687768114 6970896682 1695944068 5017963995 1556230852 4034403117 1785281557 
  4202867913 0871305400 9910067101 6372296367 2347217177 6603629450 5255970572 
  6004608907 5429929099 8534150525 9295770085 6709144489 4037072886 0549141868 
  4463819184 3503229451 3660308581 3136534872 4438801500 2418037651 1748627325 
  9310729824 0922299704 5690871960 6493547055 3208956595 2373162358 2684332871 
  4606847897 4205298757 5356570304 5614498581 1441256079 2767432269 6934899659 
  2744730486 3466477678 9639826263 2043359439 2520461227 5026574271 9563543348 
  6902538930 5860112569 8379317529 4493203344 9498851400 8833335241 7370526973 
  4617276065 1473472457 2456660244 2598611049 4333600386 2365560926 5155341750 
  3164532598 0309921356 3645288182 2154050924 7157347506 9927315527 7860075466 
  0989628251 0415431318 0819301383 3804929066 0272351121 6597911261 1532254028 
  2477730699 6516500075 4819012494 0052439392 0015941234 9354697899 8333829540 
  9034793923 3973788668 6405827438 8788681033 2472388968 6017110286 7976360089 
  2689232241 6723957054 9189067163 8046198174 1096420863 4636503394 3822813763 
  5811257304 2886687954 1721103707 4299621332 1942050727 1448881028 7958887166 
  8029094575 3217665697 7754559202 5749323523 3556332886 3791331742 4875572941 
  3225311338 2804483559 3115436598 0447099668 0301064886 9709638872 5204756065 
  5754003633 0218025076 6196771615 6635014031 0422904924 1964854582 5773300951 
  4774017666 7439997782 3513323579 3091750082 0638577506 3539029674 7919562749 
  2330576918 5116846734 0966764720 8618859820 2354121788 1744262156 8279644744 
  9844210167 7419542012 5332815935 1476628712 3668748718 5043013457 9138608743 
  4094242443 2810730480 3280226537 8932557721 2194233102 5331834073 9510250268 
  5998942525 8603273647 4346293545 1259791093 3547703837 2234857378 3245818339 
  8240498187 2706116887 6753083063 7782397185 1531498713 3753138561 7917102511 
  1001441840 2020397613 7335540648 1141582725 4657563777 1569563765 4375973009 
  9272207072 5631641831 3952099099 3727899654 0743745609 5367517727 7927992736 
  8259088616 2647226527 7959912867 6541818241 6038756031 5152860652 7994691585 
  9755842021 3627850573 2693574042 4301080459 9671103955 2937276198 9700908554 
  3999973529 0904456109 5676479496 9629607363 0926891565 1374038639 5991838199 
  2144597105 4026242914 3038485054 2402764490 2944130018 1484806588 8100039562 
  6031726539 0031321985 7253215021 2523161560 2122224756 1329109444 7680592215 
  9275841968 3912262712 8438099293 0052085574 8305551742 9099771215 3972936347 
  0136616531 0538853347 8163763795 7448717187 0187639891 3375037903 7959060805 
  7417738893 0875012040 2752777745 5554689778 2788356861 5607639078 3617711074 
  5418717255 2047997952 6333178551 3636484250 6720453704 7019904114 4312757488 
  1375805877 7432350230 9460722928 6125513772 0034328288 5545469651 9466373740 
  1164602531 5835725423 2915320296 7523750450 8337142328 8301599069 6156950962 
  5467770854 9703394220 9396327148 9837249368 5117257115 9078706764 7834169633 
  9242539243 1841455730 0353018167 6470727859 9171184569 5782779371 4208705942 
  8424775823 6937541691 8458470255 4404842944 9566384463 3263849206 8936731914 
  1854520009 0529657412 8515233372 2566337637 9850984078 4766139715 0552693956 
  8999606843 1742794343 4959220671 8368715783 9771692131 0819130780 4042618964 
  2022936277 8875169607 0344580560 8438708672 8553049089 4942682401 4009507318 
  6590857560 0780523158 0574321115 4577377482 3552910135 1567477473 4801625727 
  9363089344 8848772838 3855515360 3067733493 1516341650 8169265720 0630420420 
  2349053681 8549886307 0868337970 4383541463 6585204076 2892893101 5526710831 
  1962086149 6713317883 9792478638 2127846639 9056986796 4873066021 4439990801 
  3657746036 8880199592 7326239117 7319904321 8936206222 3231508346 1853370072 
  6125619490 5640138923 5487997639 7736083272 2648094638 1391125982 9384409437 
  0481866667 3529970785 1783873567 3601714463 9619963697 6119884489 4133384487 
  4671870150 1672661386 6508220883 8413782403 1636499683 1171628405 1296781487 
  1881269007 7431785367 9701979750 6925217330 9099501519 4892094894 2176535943 
  5471182459 6258858846 2620983709 7219940434 6035380262 3975650971 0550681664 
  6711475565 4851282285 2555154309 4381469371 0073829863 0910398573 4228953669 
  5908230751 6669206037 4975520274 0482259171 6581776142 3785385339 3492994513 
  7745091481 8369240779 6316137625 3175169902 6577895341 6468099648 3636721997 
  6289600429 3788228056 7808212238 7757769882 5634089284 0696239081 6871216913 
  6979655642 4414061357 7798509910 1147392509 9077457867 5374767935 3689252098 
  8440210421 5966351066 2413706189 8359251319 0233929313 4351755381 8276849924 
  7630664821 1922371663 9007653707 2664586761 1266853450 4499648572 3820825730 
  8408432147 1667949263 9952463538 0969262045 0472065533 4856975606 9675797135 
  2290204912 3751064326 9058962957 2127415288 7003222064 4160476234 3745541386 
  6319620274 0393016198 3192695194 2006426942 5590570148 6695699354 6948022824 
  8249021984 0567498905 1242108680 6715822206 8203622236 5220362375 1446544621 
  6328948552 3086075262 7425986284 0453449310 1448542207 2262591526 5618196086 
  6579389451 3715131813 4253275871 1418644053 5251367892 7526952195 9236707902 
  1499868765 8176155421 4784714568 1468426736 1017606753 9459240723 8025393838 
  3317790520 7422170945 0707675488 8580372583 7067389144 3510481933 2508919431 
  5344459887 7531106509 4142832280 9478006704 7525384100 4980209246 5303186472 
  5983560277 7350423619 4635240100 0207115777 0052354739 0129431976 7572910536 
  6930108856 2092987121 4807704326 5678006982 7662119030 6169166952 5343546623 
  1711297925 1587516857 6413507192 7165314974 8074384618 6434911038 2291808114 
  4467417477 3375791388 3288422931 0441766526 5990753496 9723442230 0528967347 
  8421159762 8299057916 9163943045 4732885818 3301072066 6321103343 2486003819 
  6669177887 6846364011 2611220588 7634823760 8566592529 6945390283 3208727210 
  2849121988 8394773362 6949020594 9235722995 4397063063 2430305317 7314800343 
  1498053072 5292091177 2627494693 1086385118 2711965896 7743872695 2964530075 
  4249751946 0924192622 7188633580 9784686875 9086629310 1849462729 8781376013 
  6721908955 6611846791 8917822813 3019448669 1127473288 4016811059 5639565884 
  5685073701 2674052147 2614730110 0286737582 7158455034 7531805295 8291715714 
  3022339959 8073978326 5585193274 2471487005 7120922766 7798103010 6116205005 
  8240773880 0295396270 5606281676 8946790530 9351244992 0941603491 7792540579 
  4417675303 3196127283 5818132939 4185272694 7880657561 2898274240 1393918494 
  2912344524 2177328276 1776122630 2125534989 5111572771 4104641686 4623765222 
  9693541865 6816107923 7069545123 6797995375 5974022495 2111233454 0271955878 
  3329021901 6696871288 7713808981 1072228437 1382742297 0113363642 7321433159 
  8858950362 4994760352 9918187635 0502625623 8508779457 0222784724 4715554993 
  3729586764 6080370556 6875162140 1497789603 5827554970 0761819324 0445637219 
  6992334287 3992699974 7585312418 3421836290 3044903231 7574552797 1757862150 
  4376506640 2238698092 5999110500 5792701613 3888763935 9110104786 9975660462 
  1208134146 7699210286 0445272115 7268297773 2029744477 5861265086 8284016433 
  9313304855 4566645563 7095439545 4451535627 2328989706 5000410679 4152582308 
  9613381849 9748987404 1994737212 9493722370 5444627096 7368382148 1911037843 
  0357205345 1183781732 6504949782 3428992810 4971777688 6454726558 5682435634 
  4378443058 8658757094 6948323133 7856521876 7831200669 4254452137 2963411857 
  9732199442 2874843816 1724087245 6122987988 7336133936 4177688276 8438272522 
  9755312871 8642280778 8112099699 6493016196 6021647020 0783999122 0656631889 
  9989568866 9316114032 7186426781 9476228641 2128868545 9038823867 7615668455 
  6943401331 6236953508 4504490567 4620836956 4646682259 1085958926 5476679795 
  1415742710 5088869490 1058971287 5479732333 2642000126 5778843953 4480180333 
  0800854941 8191283801 9744798788 7561023378 7515341065 9786875985 8709504619 
  7798321934 9956148151 6200210463 2389904290 7789583853 8409920026 7699910405 
  8785704246 2508558712 0096987680 7952299940 1502004535 5709145673 9739635454 
  5870718148 9920963242 6447088062 7863331792 8943005224 7436437535 1715781228 
  8858440965 6485585519 6563381872 2184124597 3933756814 0663749294 1426686333 
  4187248758 4050336102 4514844329 6373357108 7362824582 5061792416 8408061532 
  7091902798 5366335552 0957395004 5845258882 4637764037 3078171168 7347049819 
  6193620772 4130912790 1994664806 8900536124 1663154334 5253436523 6746399234 
  1116709554 5312593729 3351748982 9271587556 5807226056 5556361808 9908932311 
  4404430766 1879201071 9026392190 5185535767 6594711601 9113715606 3887804193 
  0806956923 1733414416 0628235664 2509061224 7458607600 2045325784 4346656254 
  6639717776 2107066006 3604755674 0767897319 6829340428 2951430422 4287664425 
  0000066054 2957071833 7182456133 5531736381 9173830544 4181019851 3539773635 
  8547046028 1644400274 3670525652 7900830057 4921297929 2164519108 7087101699 
  1730192135 9100530221 3853097721 1376859339 2893688021 3758733971 9120761638 
  3063197118 5299995663 7086170990 7375672892 5881401735 5622474644 1612050824 
  6098364719 0052320386 5829217171 0133409088 0566459665 1986605877 3115679771 
  0399961850 4394077660 0978686691 4671203574 6007068827 2522224694 1239174147 
  8379914954 5041361586 6153809407 3258885529 5176829954 7691989419 6779567678 
  7995956221 6672776616 9958990001 7331896181 1541961755 6154795306 6728497880 
  8072619325 1783866631 9447653738 8455086130 5247067308 9447453515 0892186956 
  0033929451 6172196763 3006896682 1965328853 1716516297 5499974958 5431752465 
  8295169644 2040080073 2276495563 5556558955 1605648473 0979134206 7269701293 
  3462892673 8682606847 8059186395 1985833550 5284545478 4142295154 1082962871 
  1055013303 4096576843 3724186598 7773479071 3594989683 2261017905 5856313001 
  9891029826 8400200759 4829804997 0566716622 6325917640 3321565061 8207360397 
  3506098284 6946237258 0281439923 5273171208 5851527905 1279891749 8894157340 
  7886048959 2332791739 7969365589 4575179879 4008894858 1179862981 4121155897 
  2109496332 4658052310 3789647415 2094222362 3658155665 2856187414 2381647093 
  8846821357 3423184705 9808435075 7040306823 6938283081 4576784363 7072329163 
  7058046812 1878537867 2101175379 9346255119 7553698877 0854634144 6769120248 
  0649153549 8641429576 1530720679 9370733115 2130830714 1081990773 7979267931 
  5527001549 4883023091 2556747176 7277962347 4670443381 2415774050 1021807172 
  3522872335 4724988582 6405667077 5919008566 6747681387 6448535618 9469337138 
  0263533803 5874553468 0988486088 8116725357 1432031216 0270693879 6176430714 
  9780225719 4773988942 8274993387 3973239112 7708235825 4648990638 5838886156 
  1567741692 6978366146 2392484424 2010496405 5429493165 9111453779 8425075001 
  1320641092 5583915938 7242352234 2551872737 4190078536 1242068546 1934221769 
  4065007857 9807866277 5564575525 3331069018 2143851474 2209994405 8406154267 
  4216667784 5436559317 4086887820 0483885397 1966504553 2253872369 9387178650 
  3610904630 1392985133 9854445886 4103796406 1179035121 0717612017 1015544774 
  1252148646 2599653401 8002947282 0922725942 5568316661 7021886528 2062397262 
  0736123499 8495834439 5643239715 5848908863 0179942430 5445916852 4850785396 
  8501933470 7666348310 9574447612 9496425947 1442217645 8546440260 1927079049 
  0026153048 3411858085 8618109687 8802482046 1412165325 5932150399 3614406907 
  4956005234 2654093320 7527761238 0409497232 0900981016 4522260032 5602089897 
  4715976915 5121077449 5477151112 3122557571 5945125592 1125750619 3992991009 
  1290534573 8579240469 9284550710 9381445144 7308214744 9435130577 2706039115 
  2462660953 8218058324 2873256731 5405537997 9755673878 7899198774 5218149842 
  7664573797 7332354192 9388299718 6320610138 5325712389 2166141049 1652074658 
  7410903022 6163843942 0807894171 6857590476 0870189308 1397619697 7973854492 
  1043606024 8668164907 2517007741 7603774139 9848058679 1349758362 8046116126 
  6881802566 1943433609 0795609256 0412565165 5072887842 9940909144 1396958974 
  0946822582 9133411097 3399422069 5687385428 6243787943 0299217479 3688651802 
  6662680755 6049349104 7489405850 4679963379 4797073591 2101623820 7988528663 
  9500425167 3108603512 6142820464 2011102887 0592625805 8437139400 6340592892 
  0076892821 9164719292 9739413419 7778094395 9685778445 2331336360 5458161248 
  2310075987 7556615103 7819957387 7880472952 2088803180 9442863560 7248190558 
  6178051229 6933096035 7011726721 9058931365 6015068193 2199270063 1971880513 
  9164262411 8626962564 3896246720 0070198617 1161469163 3494420705 2588054178 
  8108285074 3950044605 0225163519 1655358730 7468309629 4017876428 5324002105 
  1995706537 0168834541 9203034380 5478058525 0811491811 5098884172 6877545430 
  1938012954 3392953359 2135812619 6081551805 4330341447 0053067628 9448728870 
  6102246375 9725125493 8818721945 3552763766 5589933540 3286102659 3166138551 
  0091157674 9646663817 7247451914 3374494524 7221470959 6448421784 7502057511 
  3385945906 8750935193 5585398545 2633586238 6835231148 8915685886 9188903350 
  5820337772 1832456326 6872373475 8675226400 4795654262 3201390330 0108771125 
  7229163864 8352524107 1839118579 8693022764 2929061766 2465048708 5281260498 
  9914162905 4570709085 6503342083 5709331955 3248417487 5042179886 7583157744 
  7441755732 4708107258 3432963058 7078248085 2120590068 9474959389 0289522271 
  9332346473 2762996759 8655897226 2016455383 3366767683 1336587543 4266604356 
  1073778038 8759821786 3865884987 7606733767 7846473099 6629219650 8410561029 
  7242903091 0228107581 1553300954 6233866015 6318546002 3563077783 8362111980 
  7082677037 0908206444 5948449692 1622997064 3384472243 2323947391 8942293759 
  8902020664 8420592894 1556020995 7164707730 4019250653 3901801963 4023865074 
  0367712412 4631053706 5795364293 0455582482 8775215264 5268594531 1687689464 
  5476493933 2378850582 0195873412 3364326786 3672994462 2122754160 8271208404 
  4604358410 7224136855 3575354668 4637528826 5249776352 4719929603 8677573036 
  9482674660 9443388706 0596444790 5654735241 8951936425 4627936056 4982090649 
  3792753869 4209173385 7643503890 7734705719 4557409282 4041794027 2272061323 
  0535911976 7970595629 5721397421 1368548011 1320824739 4411113360 4071244080 
  9163455305 5971657115 9469477578 8921194156 9370825533 3351659628 8052922843 
  4741356309 5652415643 1159156265 6953842396 7353045205 4318616994 0419204548 
  5278407543 8822773967 2324479048 2757475265 5654195620 0334012259 2217847116 
  9047287647 6988312427 3777698244 1287712327 3728337026 7842476056 9333078851 
  0063257720 5125023072 6117028840 3196976140 8506458052 3051374089 9416436438 
  6123460297 0499543142 2007456121 9441384500 4062469846 3627774471 5572488191 
  8031104765 1337955174 8024199177 5218090093 5094815381 