43667
75006
72357
50050
26486
12382
77834
67632
88674
74762
62610
79479
31381
36900
30421
38375
63887
41572
53579
26121
51556
39819
87931
87242
76375
63837
70097
39130
87347
20495
56400
36397
52017
82079
29874
66292
36379
31849
40638
11217
38707
42058
34911
88038
61251
61895
67866
19992
72250
33316
65347
17320
35957
16100
36472
89266
32902
64687
75013
45736
72211
45610
60686
28392
30224
78627
65467
27549
17249
89062
44637
83619
53116
44667
68184
73138
50506
85463
48164
51096
87946
84202
43768
13819
76171
15353
87841
23268
35903
65667
67116
86924
10285
65223
44101
20132
22797
16283
50126
49446
17690
70222
27561
77384
47498
26317
23863
47968
69177
49296
13686
70972
16489
21560
26280
30671
63707
44718
82590
68031
76498
49135
35122
80322
83068
37935
63701
83347
10853
87754
22546
63743
31646
21028
67436
41255
85738
81245
28585
87800
86171
40365
11419
79278
89055
39878
18484
79442
51670
77997
13731
31135
54607
54337
23013
14220
52764
14688
14996
58016
39874
41610
38227
11652
51326
42118
26876
12682
78769
78742
77865
22046
77961
36820
24179
39049
57347
32475
60771
83591
85755
86142
41642
36532
84032
88766
75698
34331
59478
49656
76015
25008
37570
56042
52590
44204
22856
51783
67851
29846
57014
67320
80875
80609
28960
35002
82348
87642
79397
15007
17132
52647
14185
44068
54679
72279
77033
59031
44900
46500
13643
65140
45627
17979
22701
15363
19013
56908
15433
66976
33003
57289
55982
14001
71408
23546
37806
51757
33457
36448
26956
25738
12222
23029
23584
71576
65051
10257
71158
35159
50926
81010
72313
54235
51773
72996
36567
57884
76591
47826
39642
84511
88717
30797
38512
82255
44110
61509
64070
71248
23878
87248
36349
15904
74183
77267
27994
14629
82037
66621
46187
26284
73364
38758
16424
80637
40115
74078
28749
13802
55194
10113
76054
49030
11834
71975
64639
11129
66967
81592
16645
46619
16541
77935
49018
63717
54526
21132
72970
56242
87694
10027
59844
78695
60978
66370
87224
32323
17797
67813
14500
30109
58752
79504
40950
54264
15121
48901
42256
46852
72830
75169
65325
45426
32224
88327
64272
22419
33786
11007
39129
54620
65327
50704
60828
75443
65382
87967
61758
59495
77705
82565
54095
16585
22885
41430
17210
64376
14959
52366
51026
88049
71723
55215
44943
23898
36369
69701
80883
12995
22076
22342
86567
63686
35522
79188
64418
78793
69230
65979
65301
17378
54771
30474
33463
52956
52845
46824
77697
65393
46311
35414
48715
10735
87656
61696
43917
27986
52335
43366
64891
38048
40691
10173
38244
38228
51098
44007
60318
45023
33750
58719
10232
29546
64883
26109
28817
51375
10403
15111
20934
41398
83186
20539
56083
50397
33368
80470
69868
53305
16856
78370
56075
79963
28309
78747
19491
89832
50465
15398
32074
15155
17153
26190
47731
55903
56747
46887
27772
50248
64062
72639
15604
24374
53821
16844
68043
12972
49342
 39017
 78268
 32237
 81884
 77717
 74734
 73886
 74569
 71855
 35266
 37348
 86516
 16519
 62735
 33401
 13879
 81618
 44630
 75656
 66142
 12745
 12506
 13264
 54613
 68450
 69740
 89991
 72886
 87011
 74951
 63933
 39845
 72921
 25616
 80515
 70619
 54647
 83295
 23906
 16157
 15911
 30876
 12047
 84080
 40093
 16878
 33948
 32960
 80960
 20597
 62961
 80728
 76979
 83315
 47796
 37027
 57027
 54243
 39296
 50157
 31816
91775
79385
96882
87383
53060
30437
62713
47437
73970
84422
71916
60149
26831
53817
24891
34836
43686
42585
26934
26760
46782
88064
63263
74646
91922
1674
19735
18094
70842
45977
80307
49062
89288
55359
49122
56070
41568
70351
39477
74170
32502
77924
17799
69417
31374
99833
33183
60206
16748
76959
72973
47841
14579
90405
54527
78668
33442
71430
58296
55336
31113
8490
8934
34377
53121
89835
42508
15439
59676
83475
35295
81808
10491
71707
